2016_p	Brandon Knight	-2.63	3.87	9.72	39.81	0.83	2.57	32.37	2.44	2.85	85.71	2.41	2.19	0.09	0.5	1.63	-6.02	16.0	38.0
2016_p	Wade Baldwin	-1.99	1.09	3.48	31.3	0.09	0.67	13.64	0.94	1.12	83.78	1.85	1.39	0.21	0.55	1.18	-4.21	18.0	15.0
2016_p	Mario Hezonja	-1.85	1.8	5.08	35.45	0.66	2.22	29.86	0.62	0.77	80.0	0.95	2.25	0.23	0.46	0.89	-4.42	20.0	45.0
2016_p	DJ Augustin	-1.82	2.5	6.63	37.72	1.22	3.51	34.67	1.68	2.06	81.37	2.68	1.5	0.01	0.4	1.15	-5.72	29.0	49.0
2016_p	Jeff Green		-0.56	3.19	8.09	39.43	0.77	2.8	27.46	2.1	2.43	86.31	1.17	3.1	0.19	0.54	1.09	-4.29	26.0	43.0
2016_p	Joe Harris		-0.14	2.96	6.96	42.54	1.63	4.25	38.46	0.67	0.94	71.43	1.04	2.83	0.15	0.58	1.06	-5.46	10.0	42.0
2016_p	Lance Thomas	-0.07	2.11	5.3	39.75	0.83	1.85	44.71	0.93	1.11	84.31	0.76	3.09	0.11	0.46	0.54	-4.43	15.0	31.0
2016_p	CJ Watson	0.15	1.55	4.0	38.71	0.52	1.69	30.48	0.92	1.06	86.36	1.84	1.44	0.03	0.69	0.76	-2.98	20.0	42.0
2016_p	Miles Plumlee	0.24	0.98	2.04	47.83	0.0	0.0	NaN	0.56	0.87	64.1	0.47	2.11	0.29	0.4	0.67	-1.44	19.0	26.0
2016_p	Arron Afflalo	0.38	3.03	6.89	44.05	1.02	2.48	41.06	1.36	1.52	89.25	1.28	2.05	0.1	0.34	0.69	-4.05	23.0	38.0
